000093
000238
000318
000352
000389
000398
000468
000479
000486
000586
000605
000617
000669
000757
000772
000877
000960
001120
001185
001209
001281
001356
001487
001489
001513
001534
001554
001610
001631
001651
001737
001738
001846
001879
001909
001922
001968
002063
002069
002105
002124
002247
002337
002484
002485
002489
002497
002552
002642
002651
002699
002758
002761
002868
002944
003207
003223
003261
003514
003630
003746
003774
003840
003859
003868
004003
004088
004153
004164
004250
004294
004337
004374
004513
004518
004703
004818
004866
004998
005017
005059
005070
005096
005216
005290
005317
005332
005352
005509
005528
005569
005642
005695
005881
005917
006017
006073
006162
006199
006309
006323
006334
006340
006450
006545
006565
006567
006590
006614
006641
006674
006805
006816
006865
006887
006902
006958
006961
006966
006987
007000
007012
007040
007256
007393
007404
007475
007530
007574
007585
007587
007648
007729
007731
007776
007813
007883
008004
008035
008164
008198
008211
008220
008276
008289
008332
008397
008426
008456
008470
008545
008559
008665
008693
008712
008778
008781
008858
008986
009086
009159
009190
009196
009225
009356
009369
009401
009419
009434
009437
009493
009553
009753
009780
009863
009889
009907
009927
009953
009969
010002
010055
010133
010141
010221
010231
010336
010342
010520
010536
010546
010637
010748
010840
010986
011112
011182
011256
011278
011339
011374
011441
011466
011506
011619
011625
011662
011665
011725
011778
011878
011896
011950
011964
012008
012053
012212
012219
012226
012312
012415
012431
012541
012556
012681
012771
012803
012863
013107
013131
013205
013280
013297
013344
013398
013467
013480
013514
013669
013784
013820
013977
014066
014080
014182
014290
014298
014361
014401
014436
014470
014504
014541
014545
014640
014657
014660
014701
014766
014942
014945
015049
015077
015078
015212
015360
015484
015555
015640
015670
015677
015789
015836
015867
015890
015962
016068
016118
016226
016330
016345
016424
016500
016606
016771
016782
016802
016879
016885
016906
016938
017031
017033
017152
017286
017334
017343
017466
017524
017642
017664
017725
017870
017881
017900
017901
017904
017959
017991
017997
018281
018312
018323
018345
018389
018403
018421
018496
018539
018555
018631
018642
018672
018823
018907
018991
018995
018997
019027
019043
019100
019128
019153
019202
019259
019306
019350
019360
019432
019513
019549
019550
019585
019692
019718
019762
019802
019817
019820
019875
020012
020046
020110
020131
020168
020182
020206
020223
020230
020327
020334
020360
020519
020560
020578
020657
020679
020680
020698
020806
020834
020903
020994
020997
021018
021069
021071
021127
021139
021170
021249
021378
021537
021688
021704
021774
021899
021910
022085
022147
022183
022194
022335
022348
022375
022399
022449
022452
022529
022593
022642
022739
022754
022820
022877
022977
022997
023016
023017
023035
023074
023123
023132
023155
023201
023242
023277
023278
023379
023413
023472
023497
023599
023701
023748
023782
023827
023880
023908
023925
024093
024108
024176
024177
024365
024427
024519
024533
024550
024612
024654
024785
024797
024842
024860
024872
024889
024992
025100
025203
025273
025274
025285
025371
025816
025847
025879
025898
025960
026051
026055
026072
026185
026284
026291
026306
026343
026370
026420
026425
026476
026512
026636
026786
026811
026821
026846
026928
027095
027103
027145
027188
027199
027226
027252
027332
027343
027635
027645
027670
027674
027855
027883
027886
027963
027999
028028
028075
028165
028170
028284
028449
028456
028495
028507
028562
028598
028771
028772
028802
028828
028844
028852
028892
029052
029126
029141
029142
029207
029252
029275
029310
029477
029777
029822
029937
029969
030218
030236
030298
030317
030325
030390
030405
030598
030824
030837
030852
030992
031114
031290
031322
031355
031383
031398
031601
031700
031779
031823
031952
031963
031969
031978
032010
032026
032241
032395
032521
032591
032723
032768
032844
032865
032866
032941
033023
033088
033095
033152
033165
033242
033467
033606
033618
033660
033674
033702
033708
033879
034003
034025
034040
034089
034174
034188
034226
034276
034290
034359
034419
034427
034481
034554
034562
034582
034702
034737
034790
034838
034860
034915
034984
034996
035147
035359
035378
035475
035501
035522
035532
035558
035585
035641
035694
035923
036055
036084
036173
036177
036242
036336
036355
036397
036454
036473
036490
036544
036652
036770
036780
036818
036889
036890
036913
036994
037004
037079
037282
037325
037379
037430
037604
037610
037754
037773
037808
037871
037879
037910
038063
038265
038267
038634
038675
038677
038698
038703
038717
038891
038917
038921
038959
039039
039122
039146
039169
039177
039189
039297
039329
039402
039420
039466
039495
039577
039615
039735
039815
039841
039908
039945
039975
040032
040047
040055
040314
040351
040374
040420
040465
040478
040497
040503
040633
040645
040654
040693
040697
040809
041025
041040
041041
041043
041129
041185
041345
041350
041415
041448
041459
041461
041472
041530
041540
041619
041759
041858
041932
042007
042060
042063
042088
042101
042129
042144
042184
042210
042282
042300
042392
042526
042565
042571
042680
042828
042964
043129
043180
043200
043203
043220
043245
043277
043354
043544
043590
043774
043805
043815
043892
043961
044095
044130
044270
044304
044360
044397
044428
044522
044557
044575
044614
044655
044739
044815
044817
044826
044847
044872
044925
044973
044987
045095
045101
045104
045148
045151
045190
045479
045507
045649
045690
045720
045790
045810
045845
045921
046023
046057
046083
046101
046210
046264
046348
046413
046435
046441
046621
046647
046656
046684
046708
046829
046858
046917
046999
047062
047110
047212
047351
047611
047629
047657
047658
047663
047667
047685
047723
047740
047768
047781
047877
047881
047917
047934
047953
047999
048033
048046
048100
048134
048149
048160
048400
048401
048408
048447
048456
048541
048602
048862
048904
049052
049065
049092
049129
049133
049195
049303
049320
049380
049472
049518
049576
049588
049592
049634
049743
049757
049896
049942
049977
050170
050278
050297
050426
050493
050550
050592
050650
050730
050752
050780
050824
050859
050900
050962
050995
051030
051042
051123
051130
051162
051391
051486
051520
051523
051783
051813
051823
051938
051945
051996
052055
052072
052106
052163
052241
052250
052325
052350
052354
052511
052542
052669
052682
052692
052770
052786
052954
052972
052997
053190
053360
053396
053425
053506
053521
053524
053598
053623
053731
053743
053747
053897
053942
053968
054017
054178
054264
054310
054322
054349
054386
054446
054507
054601
054633
054721
054737
054759
054763
054826
054874
054917
054918
054927
054980
055197
055280
055357
055419
055457
055460
055506
055514
055552
055605
055619
055639
055643
055662
055686
055711
055841
055911
055918
056004
056130
056137
056153
056250
056266
056288
056293
056462
056466
056470
056509
056546
056595
056667
056902
056988
056990
057359
057391
057407
057466
057543
057574
057678
057711
057735
057774
057801
057851
057931
057967
058019
058062
058112
058134
058178
058191
058281
058288
058326
058335
058428
058469
058516
058577
058590
058617
058821
058832
058927
058999
059085
059177
059202
059224
059226
059248
059363
059421
059447
059673
059816
059862
059940
059984
060036
060074
060132
060160
060289
060302
060390
060393
060455
060530
060544
060707
060713
060771
060776
060861
060878
060915
060937
060957
060990
061004
061051
061087
061240
061355
061451
061463
061555
061607
061673
061706
061837
061848
061995
062022
062066
062081
062105
062121
062237
062327
062374
062388
062401
062411
062466
062520
062526
062539
062617
062639
062709
062926
062948
063024
063041
063241
063255
063264
063289
063366
063386
063419
063474
063563
063595
063629
063670
063742
063842
063848
063949
064111
064167
064213
064373
064456
064460
064552
064608
064694
064743
064763
064844
064882
065013
065032
065053
065075
065149
065175
065203
065220
065284
065286
065304
065353
065361
065382
065418
065431
065478
065521
065543
065583
065612
065684
065741
065833
065921
066000
066019
066076
066128
066177
066187
066331
066337
066374
066385
066469
066592
066644
066653
066673
066871
066970
067088
067090
067093
067147
067193
067202
067267
067352
067534
067587
067593
067665
067750
067755
067844
067911
068014
068119
068147
068168
068185
068241
068255
068267
068278
068323
068373
068391
068414
068423
068502
068600
068680
068750
068760
068828
068938
068952
069017
069139
069288
069343
069377
069401
069570
069574
069594
069635
069672
069736
069790
069795
069889
069893
069937
069953
069985
070107
070141
070283
070305
070306
070310
070347
070368
070412
070441
070579
070594
070614
070741
070757
070765
070792
070825
070943
070959
071117
071148
071156
071194
071219
071237
071275
071467
071507
071586
071622
071710
071819
071822
071986
071987
071991
071998
072100
072171
072207
072214
072256
072262
072354
072661
072772
072823
072892
072912
072917
072927
072973
073045
073047
073094
073153
073171
073340
073394
073410
073413
073423
073495
073607
073788
073795
073840
073843
073852
073890
073915
074001
074128
074146
074164
074228
074355
074417
074455
074515
074575
074577
074585
074687
074699
074702
074731
074770
075014
075037
075081
075109
075231
075252
075415
075533
075580
075660
075687
075715
075733
075791
075834
075853
075875
076019
076026
076079
076131
076290
076355
076374
076404
076407
076449
076503
076505
076551
076592
076631
076707
076822
076883
076927
076928
076955
076983
077014
077091
077234
077240
077241
077403
077481
077537
077548
077610
077809
077818
077877
077952
077963
078032
078053
078101
078102
078178
078217
078273
078287
078294
078331
078381
078400
078450
078631
078642
078645
078660
078667
078711
078718
078837
078861
078887
078918
078961
079033
079057
079151
079165
079188
079247
079312
079576
079595
079681
079699
079705
079866
079978
079992
080032
080056
080100
080144
080308
080374
080436
080494
080501
080586
080653
080684
080712
080775
080923
080937
080986
081045
081055
081081
081084
081096
081261
081340
081425
081576
081621
081641
081741
081874
081947
081978
082060
082077
082149
082160
082218
082276
082288
082295
082328
082463
082591
082702
082738
082758
082949
082966
082970
083075
083173
083185
083269
083301
083325
083335
083476
083583
083633
083690
083738
083826
083859
083884
083964
084043
084068
084081
084176
084192
084224
084231
084235
084251
084322
084342
084417
084631
084725
084847
084878
084908
084921
084942
084952
085009
085179
085285
085367
085386
085427
085462
085480
085535
085563
085629
085641
085645
085684
085713
085821
085842
085843
085859
085873
085903
086022
086102
086115
086182
086221
086321
086370
086420
086450
086452
086611
086643
086662
086678
086758
086822
086873
086888
086930
086943
086960
087054
087107
087110
087116
087158
087171
087187
087212
087458
087488
087528
087549
087627
087630
087699
087720
087822
087851
087967
088029
088041
088089
088273
088287
088384
088473
088476
088528
088534
088557
088560
088649
088698
088703
088734
088745
088778
088793
088797
088846
088860
088939
088968
089008
089035
089047
089074
089126
089133
089143
089327
089386
089505
089538
089579
089736
089757
089788
089819
089888
089918
090125
090147
090251
090275
090285
090301
090367
090452
090537
090566
090599
090760
090765
090769
090796
090826
091069
091096
091129
091157
091172
091267
091356
091392
091435
091460
091507
091553
091590
091689
091710
091743
091745
091858
091902
091931
091943
091962
091970
091982
092113
092158
092235
092264
092425
092456
092498
092525
092628
092635
092671
092675
092691
092729
092864
092893
092921
093145
093215
093283
093341
093396
093461
093512
093653
093683
093728
093912
093949
093971
093980
094025
094059
094098
094251
094316
094399
094499
094513
094515
094516
094655
094710
094847
094977
095029
095059
095081
095090
095101
095241
095253
095336
095508
095705
095730
095737
095750
095833
095871
095902
095914
095967
096060
096067
096156
096199
096306
096380
096389
096462
096464
096494
096532
096581
096816
096824
096832
096888
096933
097060
097268
097274
097398
097476
097498
097499
097566
097590
097597
097685
097700
097716
097800
097851
097959
098014
098073
098123
098173
098182
098535
098724
098884
098947
099047
099073
099102
099160
099268
099377
099383
099403
099478
099573
099892
099922
099949
099971
099996
100074
100138
100239
100240
100288
100357
100424
100434
100453
100497
100694
100734
100811
100870
100898
100899
100936
101099
101100
101103
101123
101185
101231
101289
101299
101390
101424
101474
101486
101573
101678
101694
101697
101720
101880
102079
102213
102298
102318
102554
102596
102708
102720
102741
102805
102848
102858
102898
102945
102979
102993
103049
103058
103059
103060
103199
103219
103319
103324
103430
103436
103437
103476
103503
103547
103602
103618
103635
103678
103687
103697
103715
103734
103840
103879
103991
104017
104089
104179
104274
104311
104323
104391
104428
104460
104463
104474
104497
104701
104768
104835
104996
105062
105069
105079
105107
105215
105510
105543
105570
105601
105668
105700
105705
105737
105787
105865
105889
105950
105974
106026
106053
106068
106151
106155
106176
106229
106255
106327
106370
106467
106553
106580
106603
106614
106671
106689
106707
107065
107107
107149
107159
107212
107237
107252
107278
107388
107390
107497
107576
107626
107637
107642
107681
107739
107791
107811
107975
107986
108083
108090
108160
108184
108302
108366
108412
108566
108655
108711
108737
108752
108843
108881
108926
108934
108943
108987
108995
109017
109097
109119
109174
109303
109349
109351
109354
109415
109485
109510
109577
109599
109614
109670
109685
109686
109732
109774
109786
109791
109833
109864
109975
109999
110045
110064
110086
110089
110116
110204
110268
110294
110410
110438
110637
110870
111049
111118
111202
111246
111283
111351
111441
111486
111488
111558
111620
111632
111653
111688
111765
111773
111793
111807
111896
111915
111942
111949
111988
112239
112310
112322
112362
112376
112566
112571
112660
112711
112731
112746
112754
112867
113064
113190
113286
113289
113293
113704
113731
113824
113890
113910
113928
114000
114014
114208
114228
114285
114314
114352
114353
114370
114427
114450
114499
114624
114686
114749
114811
114874
114911
114920
115128
115137
115146
115190
115208
115302
115401
115410
115549
115571
115591
115592
115625
115629
115903
115939
116179
116237
116264
116298
116331
116354
116407
116521
116525
116577
116774
116788
116855
116887
116962
116974
116992
116996
116997
117013
117014
117044
117255
117283
117328
117449
117476
117675
117676
117700
117708
117731
117765
117988
118001
118169
118292
118312
118313
118372
118374
118456
118479
118513
118538
118594
118887
118932
118973
119092
119201
119244
119264
119285
119311
119328
119437
119449
119476
119489
119542
119565
119695
119711
119752
119777
119844
120001
120007
120103
120141
120376
120380
120443
120469
120491
120535
120755
120776
120798
120888
121002
121021
121054
121110
121132
121134
121421
121444
121508
121581
121613
121711
121923
121927
122039
122044
122118
122127
122172
122236
122276
122366
122395
122439
122568
122597
122738
122913
122921
122928
123036
123126
123133
123197
123220
123252
123305
123330
123386
123477
123485
123486
123512
123586
123643
123666
123725
123921
123969
124001
124096
124128
124175
124214
124268
124279
124283
124315
124330
124391
124414
124446
124525
124548
124581
124731
124893
125044
125078
125080
125174
125388
125460
125496
125594
125720
125891
125911
125913
125976
126004
126142
126209
126248
126253
126269
126278
126405
126453
126576
126615
126632
126673
126674
126697
126749
126756
126853
126873
126906
126917
126927
126951
127030
127078
127134
127153
127187
127237
127280
127601
127615
127711
127727
127748
127756
127810
127920
128099
128134
128188
128258
128325
128496
128509
128518
128641
128711
128720
128767
128783
128803
128872
128940
129032
129099
129121
129138
129171
129231
129242
129349
129395
129560
129571
129657
129722
129813
129825
129841
129873
130010
130040
130154
130174
130219
130228
130440
130492
130599
130641
130707
130739
130864
130925
130936
130952
130985
131022
131049
131063
131094
131150
131217
131348
131405
131464
131518
131554
131583
131593
131870
131942
132191
132224
132618
132660
132668
132674
132756
132787
132829
132906
133031
133097
133157
133278
133292
133314
133381
133427
133459
133518
133691
133735
133852
133892
133989
134019
134033
134034
134038
134089
134169
134278
134325
134339
134429
134464
134623
134759
134781
134834
134899
134927
134940
134980
135036
135038
135130
135391
135401
135434
135506
135542
135552
135587
135645
135699
135820
135852
135875
135884
135975
135985
136021
136024
136104
136141
136148
136186
136193
136222
136263
136296
136300
136387
136415
136591
136600
136698
136701
136840
136852
136880
136884
136923
137001
137034
137103
137115
137181
137200
137206
137230
137274
137293
137351
137409
137518
137561
137584
137621
137715
137730
137741
137748
137809
137825
137866
137873
137940
138093
138249
138256
138278
138282
138314
138340
138488
138507
138662
138711
138717
138789
138849
139079
139171
139197
139299
139327
139354
139383
139400
139662
139674
139733
139798
139925
139984
139998
140126
140177
140337
140366
140436
140553
140620
140635
140650
140772
140789
140882
140907
141139
141152
141157
141261
141265
141291
141343
141382
141476
141530
141684
141931
141947
142032
142056
142104
142273
142288
142298
142364
142399
142403
142408
142517
142584
142606
142647
142666
142732
142856
142878
142903
142946
142957
143008
143016
143045
143069
143301
143337
143373
143381
143425
143558
143563
143568
143570
143572
143583
143588
143632
143736
143742
143771
143871
143969
144025
144138
144177
144196
144260
144375
144468
144489
144521
144582
144590
144618
144674
144680
144689
144874
144895
144918
144925
144936
144979
144980
145012
145047
145055
145185
145211
145248
145311
145477
145522
145547
145556
145653
145656
145662
145667
145828
145869
146006
146035
146230
146242
146335
146356
146462
146527
146589
146644
146826
146958
146983
146996
147038
147048
147053
147101
147132
147168
147290
147337
147396
147406
147491
147563
147664
147671
147788
147806
147855
147867
147974
147979
148016
148048
148097
148103
148254
148319
148378
148384
148433
148475
148499
148581
148605
148704
148707
148882
148924
148935
148942
149046
149092
149098
149142
149144
149180
149312
149319
149427
149579
149616
149636
149742
149797
149836
149877
149879
149887
149927
149980
150063
150074
150127
150449
150594
150640
150646
150657
150683
150849
150902
151110
151117
151136
151177
151181
151241
151260
151261
151333
151365
151379
151613
151627
151799
151829
151957
151969
152227
152238
152242
152324
152382
152463
152471
152475
152586
152631
152693
152716
152733
152735
152738
152769
152770
152816
152835
152881
152884
152919
152923
153075
153167
153170
153306
153339
153390
153392
153435
153553
153554
153571
153583
153610
153662
153680
153716
153791
153796
153845
153925
153993
154005
154016
154122
154169
154189
154229
154258
154266
154298
154353
154417
154425
154455
154464
154662
154705
154728
154768
154785
154940
155022
155155
155182
155261
155305
155307
155342
155343
155555
155700
155979
156008
156194
156212
156248
156328
156446
156534
156697
156722
156755
157128
157256
157277
157336
157350
157391
157522
157597
157662
157707
157729
157747
157754
157846
157849
158089
158096
158163
158173
158187
158193
158295
158450
158514
158639
158643
158663
158705
158748
158771
158874
159325
159327
159385
159390
159454
159472
159582
159667
159678
159732
159777
159820
159886
159915
159985
160005
160087
160154
160170
160176
160544
160707
160732
160865
160945
160954
161019
161039
161048
161055
161084
161102
161352
161364
161469
161623
161638
161950
162013
162016
162084
162157
162196
162246
162269
162270
162292
162343
162433
162445
162524
162579
162625
162630
162713
162767
162830
162900
162922
163022
163195
163198
163212
163224
163279
163387
163394
163484
163564
163594
163613
163616
163640
163789
163804
163825
163830
163850
163876
164064
164130
164141
164144
164162
164230
164333
164341
164470
164558
164566
164707
164761
164854
164892
164908
164927
164930
164932
164952
165020
165027
165047
165095
165144
165222
165277
165284
165315
165468
165552
165565
165601
165743
165801
165880
165881
165895
165896
165916
165920
165933
166214
166241
166281
166408
166518
166590
166764
166793
166872
166876
166928
167076
167151
167186
167196
167269
167289
167496
167511
167581
167738
167748
167759
167760
167791
167871
167976
168157
168184
168245
168246
168269
168279
168360
168434
168566
168571
168654
168726
168762
168765
168775
168811
168833
168858
168878
168980
169006
169065
169096
169112
169136
169168
169173
169203
169211
169262
169307
169445
169455
169476
169516
169518
169592
169612
169647
169675
169687
169727
169891
169984
170119
170190
170317
170357
170381
170384
170435
170441
170455
170498
170537
170584
170593
170596
170733
170751
170783
170855
170869
170886
170888
170936
171076
171077
171150
171159
171187
171188
171233
171400
171427
171488
171496
171500
171505
171573
171581
171633
171767
171814
171908
171920
171950
171978
172088
172114
172249
172259
172263
172269
172285
172318
172346
172416
172485
172675
172711
172743
172793
172865
172882
172937
173076
173077
173155
173244
173427
173431
173442
173577
173586
173734
173807
173842
174047
174186
174266
174307
174315
174320
174355
174382
174456
174497
174516
174560
174597
174635
174647
174652
174714
174840
174844
174891
174938
174941
175171
175201
175233
175286
175318
175323
175354
175367
175421
175469
175706
175746
175801
175850
175862
175922
175951
175954
176181
176182
176205
176225
176375
176457
176595
176722
176867
176881
176895
176911
176947
177024
177025
177041
177092
177096
177109
177151
177209
177351
177359
177432
177536
177550
177625
177639
177690
177754
177762
177900
177932
177974
178061
178080
178110
178117
178179
178182
178211
178232
178347
178364
178369
178417
178501
178502
178562
178882
178927
178944
178956
178994
179029
179069
179122
179142
179175
179182
179312
179313
179416
179448
179551
179631
179633
179653
179725
179746
179845
179927
179967
179986
180049
180144
180327
180421
180426
180575
180598
180698
180779
180824
180910
180939
180969
181000
181050
181081
181148
181170
181198
181305
181312
181359
181496
181513
181543
181548
181565
181593
181600
181638
181705
181733
181738
181762
181967
182013
182269
182296
182351
182366
182498
182500
182506
182572
182661
182944
182950
182966
182979
183046
183134
183178
183278
183300
183358
183360
183484
183541
183561
183576
183587
183644
183648
183708
183736
183776
183816
183871
183880
183888
183906
183941
184121
184168
184188
184205
184262
184352
184356
184391
184459
184503
184536
184587
184660
184803
185017
185214
185311
185394
185402
185422
185452
185473
185501
185502
185544
185550
185645
185717
185728
185736
185882
185985
186007
186174
186190
186220
186335
186389
186409
186442
186465
186503
186510
186512
186537
186542
186566
186583
186633
186662
186686
186695
186792
187020
187027
187123
187240
187254
187303
187375
187496
187497
187582
187658
187667
187668
187705
187888
187893
187964
187993
188006
188156
188169
188275
188312
188319
188356
188377
188504
188514
188597
188738
188757
188789
188795
188798
188922
188939
189006
189017
189124
189202
189261
189262
189333
189335
189491
189556
189599
189638
189860
189865
189889
189929
189990
190038
190053
190080
190154
190168
190224
190318
190470
190565
190618
190790
190869
190936
190987
191086
191197
191340
191549
191567
191641
191642
191646
191714
191842
191875
191877
191893
191980
192018
192032
192111
192214
192231
192325
192367
192403
192449
192593
192612
192639
192734
192793
192834
192850
192869
192933
192972
192978
193029
193046
193086
193150
193159
193266
193288
193348
193385
193476
193509
193561
193676
193806
193854
193948
194019
194025
194042
194060
194109
194284
194332
194333
194613
194640
194680
194783
194793
194941
195051
195083
195221
195227
195260
195277
195341
195343
195390
195416
195542
195546
195605
195641
195658
195660
195678
195699
195794
195796
195827
195849
195950
195982
196018
196049
196053
196134
196157
196203
196253
196285
196367
196381
196383
196386
196454
196461
196535
196685
196756
196783
196820
196892
197012
197058
197102
197153
197222
197280
197318
197353
197498
197640
197671
197757
197763
197811
197906
197919
197953
198034
198103
198211
198261
198294
198348
198376
198429
198459
198534
198606
198658
198695
198737
198785
198798
198821
198870
198871
198967
198974
198991
198998
199004
199050
199130
199243
199301
199308
199409
199430
199471
199577
199584
199595
199666
199806
199890
199895
200020
200035
200056
200057
200121
200197
200302
200327
200509
200510
200554
200689
200694
200699
200817
200828
200850
200880
200926
200927
201069
201171
201244
201284
201304
201412
201507
201525
201564
201629
201841
201960
202093
202117
202237
202385
202503
202535
202546
202565
202573
202646
202739
202794
202984
203042
203074
203108
203111
203157
203205
203301
203370
203423
203598
203672
203673
203726
203885
203928
203936
203938
203949
203985
204039
204129
204247
204248
204254
204265
204518
204562
204663
204774
204834
204841
204848
204916
204952
205173
205487
205511
205609
205674
205691
205696
205731
205788
205792
205820
205852
205909
205940
206017
206036
206074
206157
206233
206465
206474
206489
206516
206542
206635
206637
206775
206962
206971
207023
207081
207233
207268
207344
207359
207419
207451
207545
207589
207601
207658
207673
207684
207751
207831
207832
207837
207860
207942
207946
208007
208129
208150
208224
208310
208327
208387
208388
208427
208432
208501
208506
208507
208769
208779
209012
209029
209088
209140
209185
209280
209480
209557
209558
209604
209644
209678
209743
209793
209848
209888
209890
209915
209950
210070
210144
210146
210147
210151
210188
210198
210455
210467
210469
210552
210563
210591
210646
210684
210719
210732
210770
210957
210958
210973
210975
211030
211121
211122
211187
211189
211239
211268
211308
211516
211607
211611
211678
211726
211774
211776
211798
212133
212201
212238
212338
212455
212467
212532
212639
212754
212763
212801
212820
212828
212832
212894
212910
212986
212993
213031
213035
213092
213139
213163
213167
213178
213190
213286
213364
213404
213422
213494
213656
213657
213676
213780
213830
213849
213900
214039
214073
214108
214193
214217
214277
214298
214441
214444
214473
214481
214539
214661
214663
214795
214810
214842
214876
214901
214906
214990
215043
215070
215094
215449
215463
215474
215517
215526
215542
215626
215628
215743
215753
215774
215898
215905
215921
215969
216094
216212
216213
216279
216285
216330
216359
216443
216452
216518
216536
216672
216745
216826
216839
216964
216990
217016
217168
217204
217305
217384
217507
217544
217569
217677
217697
217756
217836
217838
217884
217930
217976
218017
218057
218152
218175
218194
218223
218266
218320
218445
218454
218476
218532
218645
218650
218658
218701
218725
218816
218831
218879
218904
218934
218951
218969
218983
218995
219045
219053
219205
219260
219320
219335
219374
219421
219446
219492
219563
219581
219615
219630
219724
219779
219854
219860
219901
219920
219992
220018
220057
220106
220159
220163
220223
220254
220375
220446
220454
220477
220825
220850
220868
220919
220936
221041
221094
221237
221291
221293
221378
221409
221510
221695
221783
221860
222066
222110
222282
222326
222336
222343
222350
222469
222544
222567
222578
222619
222693
222727
222783
222842
222888
223021
223072
223077
223084
223132
223148
223204
223320
223327
223344
223459
223496
223514
223524
223602
223726
223733
223945
224047
224110
224159
224164
224185
224186
224209
224254
224258
224333
224430
224459
224518
224536
224542
224558
224617
224621
224694
224737
224843
224970
225003
225043
225068
225127
225137
225159
225297
225308
225310
225311
225326
225332
225398
225423
225461
225496
225506
225507
225551
225578
225586
225604
225705
225772
225827
225933
226020
226089
226098
226141
226227
226277
226456
226469
226541
226560
226586
226664
226709
226925
226934
226941
226943
226988
227009
227051
227223
227321
227454
227539
227603
227673
227759
227898
228017
228043
228079
228117
228141
228156
228178
228203
228246
228348
228375
228382
228447
228466
228496
228517
228540
228599
228651
228730
228833
228884
228957
229101
229192
229209
229233
229411
229437
229494
229500
229594
229619
229624
229652
229660
229725
229734
229774
229828
229842
229908
229913
230041
230042
230049
230052
230096
230100
230124
230168
230205
230257
230273
230276
230373
230415
230418
230446
230562
230567
230654
230660
230694
230723
230762
230821
230972
231051
231058
231112
231411
231493
231504
231545
231773
231836
231924
231993
232009
232053
232152
232180
232192
232358
232376
232441
232540
232569
232578
232749
232763
232807
233015
233048
233089
233348
233531
233555
233565
233567
233574
233609
233618
233642
233651
233795
233852
233867
233957
233982
234028
234060
234101
234198
234199
234229
234371
234396
234440
234469
234477
234547
234626
234679
234753
234916
234997
235021
235052
235072
235075
235097
235149
235178
235208
235304
235347
235357
235407
235446
235534
235743
235746
235983
236002
236043
236072
236117
236205
236217
236226
236247
236361
236516
236559
236589
236682
236695
236860
236959
236973
237004
237261
237263
237308
237317
237338
237342
237361
237398
237430
237654
237703
237777
237781
237783
237869
238006
238007
238091
238359
238374
238402
238406
238424
238520
238554
238661
238720
238816
239085
239131
239212
239242
239306
239420
239476
239585
239642
239644
239685
239714
239918
239921
239944
239976
239995
240085
240266
240274
240291
240421
240459
240481
240501
240595
240668
240672
240726
240741
240765
240842
240922
240955
240969
241027
241175
241319
241402
241434
241526
241601
241640
241706
241772
241900
241903
241954
241989
242059
242066
242079
242087
242089
242093
242160
242203
242207
242251
242301
242358
242403
242438
242456
242547
242566
242635
242663
242677
242719
242943
243036
243187
243207
243248
243358
243408
243429
243445
243782
243868
244032
244098
244122
244281
244353
244381
244478
244479
244519
244554
244562
244564
244622
244700
245039
245049
245081
245085
245094
245109
245136
245225
245264
245329
245489
245504
245549
245609
245625
245649
245666
245764
245839
245869
245877
245886
245939
246024
246089
246148
246208
246278
246309
246320
246348
246359
246378
246429
246535
246551
246583
246788
246828
247008
247027
247269
247307
247404
247407
247448
247520
247522
247548
247549
247581
247749
247883
248040
248078
248164
248238
248263
248277
248279
248371
248416
248434
248490
248520
248560
248561
248594
248661
248673
248800
248869
248947
248961
249115
249122
249187
249252
249264
249268
249280
249323
249369
249423
249436
249534
249614
249791
249871
249884
249921
250002
250079
250135
250136
250144
250298
250341
250491
250546
250566
250567
250627
250687
250716
250727
250752
250756
250834
250869
250870
250939
251145
251261
251397
251432
251711
251717
251774
251926
251927
251939
251968
252010
252081
252124
252133
252144
252157
252306
252319
252350
252383
252458
252508
252599
252736
252877
253084
253163
253193
253204
253263
253303
253362
253383
253539
253600
253657
253678
253756
253936
253946
253959
254070
254092
254270
254303
254352
254465
254582
254699
254732
254784
254812
254827
254851
254881
254910
254933
254935
254944
255097
255108
255133
255220
255273
255287
255323
255422
255516
255576
255577
255721
255760
255910
255917
255982
255992
256050
256090
256218
256325
256439
256497
256561
256588
256653
256667
256705
256710
256757
256782
256793
256884
256918
257018
257195
257268
257272
257279
257355
257369
257374
257401
257430
257491
257548
257569
257643
257654
257677
257683
257989
258077
258142
258182
258300
258508
258549
258559
258563
258655
258672
258680
258804
258811
258910
258911
258917
258937
258959
258967
259033
259238
259242
259437
259695
259752
259814
259879
259895
259916
259936
260019
260040
260070
260119
260130
260144
260147
260209
260251
260258
260285
260287
260463
260520
260535
260607
260767
260926
260953
260964
261043
261078
261099
261104
261273
261292
261300
261457
261518
261592
261753
261854
261865
261915
261943
261950
261989
261996
262028
262029
262090
262096
262139
262336
262488
262492
262738
262796
262804
262824
262870
262904
262978
263005
263039
263069
263083
263148
263218
263301
263309
263466
263521
263557
263585
263603
263637
263693
263744
263925
263957
263967
264001
264007
264101
264256
264323
264336
264384
264506
264602
264768
264776
264823
264842
264866
264964
265098
265151
265168
265280
265284
265337
265345
265412
265441
265560
265636
265681
265761
265838
265842
265856
265879
265959
266142
266159
266171
266186
266245
266279
266430
266502
266504
266602
266656
266690
266725
266776
266805
266835
266862
266918
266983
267013
267130
267150
267157
267185
267201
267266
267433
267451
267482
267516
267600
267671
267754
267757
267812
267831
267869
267890
267902
268007
268101
268108
268163
268277
268385
268401
268430
268437
268476
268530
268604
268623
268627
268632
268677
268800
268865
268885
268917
268966
269180
269316
269366
269635
269637
269752
269792
269884
269933
269955
270014
270063
270169
270192
270297
270335
270388
270412
270487
270585
270607
270797
270802
270805
270823
271068
271072
271094
271136
271147
271224
271252
271306
271483
271491
271581
271631
271686
271702
